-14.6154 -0.622748 
-14.6154 -0.622748 
-14.6154 -0.622748 
-14.6154 -0.622748 
-14.6154 -0.622748 
-14.6154 -0.622748 
-14.6154 -0.622748 
-14.6154 -0.622748 
-14.6154 -0.622748 
-14.6154 -0.622748 
-14.6154 -0.622748 
-14.6154 -0.622748 
-15.6094 -0.268901 
-15.6403 -0.0308883 
-16.1522 0.8193 
-16.2602 1.09323 
-21.1379 1.45014 
-21.1379 1.45014 
-21.1379 1.45014 
-22.5504 2.08719 
-22.5504 2.08719 
-25.1914 2.74459 
-25.1914 2.74459 
-25.1914 2.74459 
-25.5608 3.47315 
-25.5608 3.47315 
-26.1012 4.42671 
-27.6942 4.73759 
-27.6942 4.73759 
-27.6942 4.73759 
-27.7696 5.24083 
-27.7696 5.24083 
-27.7696 5.24083 
-27.7696 5.24083 
-27.7696 5.24083 
-27.7696 5.24083 
-27.7696 5.24083 
-27.7696 5.24083 
-27.7696 5.24083 
-27.7696 5.24083 
-27.7696 5.24083 
-27.7696 5.24083 
-27.7696 5.24083 
-27.7696 5.24083 
-27.7696 5.24083 
-27.7696 5.24083 
-27.7696 5.24083 
-27.7696 5.24083 
-27.7696 5.24083 
-27.7696 5.24083 
-27.7696 5.24083 
-27.7696 5.24083 
-27.7696 5.24083 
-27.7696 5.24083 
-27.7696 5.24083 
-27.7696 5.24083 
-27.7696 5.24083 
-27.7696 5.24083 
-27.7696 5.24083 
-27.6942 4.73759 
-28.0512 3.03405 
-28.0512 3.03405 
-28.0512 3.03405 
-28.0512 3.03405 
-28.0512 3.03405 
-28.0512 3.03405 
-28.0512 3.03405 
-28.0512 3.03405 
-28.0512 3.03405 
-28.0512 3.03405 
-28.0512 3.03405 
-28.0512 3.03405 
-28.0512 3.03405 
-28.0512 3.03405 
-28.0512 3.03405 
-28.0512 3.03405 
-28.0512 3.03405 
-28.0512 3.03405 
-28.0512 3.03405 
-28.0512 3.03405 
-28.0512 3.03405 
-28.0512 3.03405 
-28.0512 3.03405 
-28.0512 3.03405 
-28.0512 3.03405 
-28.0512 3.03405 
-28.0512 3.03405 
-28.0512 3.03405 
-28.0512 3.03405 
-28.0512 3.03405 
-28.0512 3.03405 
-28.0512 3.03405 
-28.0512 3.03405 
-28.0512 3.03405 
-28.0512 3.03405 
-28.0512 3.03405 
-28.0512 3.03405 
-28.0512 3.03405 
-28.0512 3.03405 
-28.0512 3.03405 
