1	244
1	246
1	300
1	327
1	340
1	406
1	415
1	434
1	453
2	61
2	200
2	248
2	261
2	294
2	333
2	461
2	470
2	471
3	60
3	447
3	448
3	456
3	481
3	482
3	485
3	493
3	499
4	63
4	259
4	277
4	307
4	311
4	326
4	330
4	398
4	476
5	106
5	242
5	451
5	483
5	490
5	491
5	492
5	494
5	496
6	161
6	261
6	323
6	333
6	354
6	405
6	461
6	470
6	471
7	117
7	247
7	315
7	374
7	388
7	437
7	439
7	441
7	444
8	104
8	320
8	371
8	374
8	409
8	445
8	454
8	459
8	472
9	173
9	289
9	328
9	382
9	400
9	433
9	435
9	436
9	462
10	452
10	466
10	474
10	483
10	490
10	491
10	492
10	494
10	496
11	38
11	179
11	231
11	244
11	363
11	406
11	415
11	434
11	453
12	22
12	82
12	119
12	216
12	227
12	232
12	254
12	376
12	399
13	131
13	182
13	226
13	267
13	283
13	353
13	404
13	411
13	430
14	425
14	451
14	474
14	478
14	490
14	491
14	492
14	494
14	496
15	28
15	66
15	207
15	347
15	356
15	378
15	383
15	401
15	412
16	402
16	426
16	446
16	465
16	468
16	484
16	488
16	498
16	500
17	295
17	314
17	414
17	418
17	421
17	475
17	477
17	487
17	489
18	22
18	88
18	103
18	218
18	227
18	234
18	290
18	376
18	399
19	213
19	419
19	450
19	463
19	469
19	480
19	486
19	495
19	497
20	81
20	98
20	225
20	235
20	324
20	423
20	460
20	484
20	498
21	46
21	126
21	138
21	140
21	263
21	297
21	341
21	396
21	413
22	12
22	18
22	88
22	103
22	119
22	174
22	175
22	376
22	399
23	451
23	466
23	474
23	478
23	483
23	490
23	491
23	492
23	494
24	107
24	144
24	179
24	281
24	309
24	331
24	357
24	358
24	370
25	131
25	152
25	156
25	199
25	283
25	316
25	353
25	404
25	430
26	57
26	233
26	289
26	343
26	382
26	400
26	433
26	436
26	462
27	133
27	247
27	268
27	345
27	366
27	437
27	439
27	441
27	444
28	15
28	207
28	329
28	347
28	380
28	383
28	401
28	403
28	412
29	157
29	180
29	263
29	297
29	317
29	351
29	396
29	407
29	413
30	181
30	418
30	428
30	442
30	457
30	475
30	477
30	487
30	489
31	75
31	129
31	197
31	222
31	233
31	239
31	435
31	436
31	462
32	63
32	108
32	145
32	259
32	307
32	311
32	326
32	330
32	398
33	390
33	448
33	453
33	456
33	481
33	482
33	485
33	493
33	499
34	390
34	447
34	448
34	456
34	481
34	482
34	485
34	493
34	499
35	100
35	169
35	339
35	361
35	426
35	465
35	468
35	498
35	500
36	139
36	229
36	264
36	282
36	299
36	318
36	334
36	379
36	394
37	63
37	167
37	250
37	277
37	302
37	307
37	311
37	326
37	398
38	11
38	56
38	231
38	246
38	284
38	327
38	340
38	434
38	453
39	154
39	339
39	361
39	402
39	423
39	446
39	468
39	488
39	498
40	108
40	145
40	212
40	302
40	307
40	311
40	326
40	330
40	398
41	255
41	279
41	339
41	420
41	423
41	460
41	468
41	484
41	498
42	217
42	222
42	289
42	343
42	382
42	433
42	435
42	436
42	462
43	58
43	272
43	286
43	375
43	387
43	431
43	464
43	467
43	476
44	278
44	337
44	368
44	447
44	456
44	481
44	485
44	493
44	499
45	88
45	174
45	175
45	216
45	232
45	254
45	290
45	376
45	399
46	21
46	67
46	73
46	180
46	297
46	341
46	396
46	407
46	413
47	171
47	320
47	336
47	385
47	397
47	445
47	458
47	459
47	472
48	191
48	422
48	424
48	446
48	460
48	479
48	488
48	498
48	500
49	194
49	339
49	352
49	361
49	395
49	423
49	424
49	488
49	498
50	257
50	266
50	346
50	360
50	390
50	408
50	432
50	449
50	455
51	274
51	419
51	443
51	450
51	473
51	480
51	486
51	495
51	497
52	443
52	450
52	463
52	469
52	473
52	480
52	486
52	495
52	497
53	110
53	342
53	369
53	387
53	389
53	431
53	464
53	467
53	476
54	253
54	263
54	297
54	317
54	341
54	351
54	396
54	407
54	413
55	61
55	83
55	178
55	261
55	354
55	405
55	461
55	470
55	471
56	38
56	187
56	230
56	276
56	284
56	406
56	415
56	434
56	453
57	26
57	186
57	222
57	233
57	382
57	433
57	435
57	436
57	462
58	43
58	221
58	367
58	369
58	387
58	389
58	464
58	467
58	476
59	344
59	372
59	418
59	428
59	442
59	475
59	477
59	487
59	489
60	3
60	337
60	355
60	448
60	456
60	482
60	485
60	493
60	499
61	2
61	55
61	178
61	200
61	333
61	395
61	461
61	470
61	471
62	86
62	124
62	342
62	365
62	369
62	431
62	464
62	467
62	476
63	4
63	32
63	37
63	108
63	259
63	277
63	311
63	330
63	398
64	181
64	414
64	421
64	442
64	457
64	475
64	477
64	487
64	489
65	206
65	252
65	258
65	310
65	334
65	359
65	381
65	386
65	427
66	15
66	329
66	364
66	378
66	380
66	383
66	401
66	403
66	412
67	46
67	126
67	176
67	253
67	297
67	317
67	351
67	396
67	407
68	321
68	391
68	450
68	463
68	469
68	473
68	486
68	495
68	497
69	355
69	390
69	447
69	448
69	481
69	482
69	485
69	493
69	499
70	248
70	301
70	348
70	354
70	395
70	405
70	461
70	470
70	471
71	212
71	250
71	275
71	277
71	302
71	307
71	311
71	330
71	398
72	295
72	414
72	428
72	442
72	457
72	475
72	477
72	487
72	489
73	46
73	138
73	176
73	263
73	317
73	341
73	396
73	407
73	413
74	177
74	306
74	315
74	349
74	374
74	388
74	437
74	439
74	441
74	444
75	31
75	217
75	239
75	328
75	382
75	400
75	433
75	435
75	436
75	462
76	280
76	355
76	393
76	448
76	456
76	481
76	482
76	485
76	493
76	499
77	132
77	135
77	238
77	242
77	360
77	362
77	392
77	432
77	449
77	455
78	94
78	152
78	199
78	226
78	296
78	305
78	316
78	353
78	411
78	430
79	171
79	185
79	256
79	320
79	336
79	385
79	409
79	454
79	458
79	472
80	82
80	174
80	218
80	227
80	232
80	234
80	254
80	290
80	376
80	399
81	20
81	260
81	279
81	324
81	361
81	465
81	484
81	488
81	498
81	500
82	12
82	80
82	103
82	218
82	227
82	232
82	234
82	290
82	376
82	399
83	55
83	151
83	301
83	333
83	350
83	354
83	395
83	461
83	470
83	471
84	163
84	171
84	371
84	377
84	397
84	409
84	454
84	458
84	459
84	472
85	154
85	210
85	332
85	361
85	422
85	424
85	465
85	479
85	488
85	500
86	62
86	221
86	292
86	293
86	369
86	387
86	431
86	464
86	467
86	476
87	278
87	337
87	390
87	447
87	456
87	481
87	482
87	485
87	493
87	499
88	18
88	22
88	45
88	95
88	174
88	232
88	234
88	251
88	290
88	399
89	425
89	452
89	466
89	478
89	483
89	490
89	491
89	492
89	494
89	496
90	337
90	355
90	390
90	448
90	456
90	481
90	482
90	485
90	493
90	499
91	145
91	167
91	259
91	275
91	277
91	302
91	311
91	326
91	330
91	398
92	93
92	271
92	391
92	443
92	463
92	473
92	480
92	486
92	495
92	497
93	92
93	249
93	321
93	443
93	463
93	473
93	480
93	486
93	495
93	497
94	78
94	150
94	152
94	156
94	182
94	219
94	267
94	283
94	353
94	411
95	88
95	103
95	119
95	175
95	216
95	227
95	232
95	248
95	376
95	399
96	131
96	182
96	203
96	209
96	219
96	267
96	316
96	404
96	411
96	430
97	230
97	262
97	276
97	300
97	327
97	340
97	363
97	406
97	434
97	453
98	20
98	155
98	235
98	255
98	332
98	422
98	446
98	460
98	498
98	500
99	147
99	274
99	338
99	463
99	469
99	473
99	480
99	486
99	495
99	497
100	35
100	191
100	194
100	225
100	361
100	423
100	426
100	479
100	488
100	500
101	114
101	127
101	248
101	294
101	323
101	350
101	405
101	461
101	470
101	471
102	135
102	202
102	238
102	362
102	392
102	408
102	432
102	440
102	449
102	455
103	18
103	22
103	82
103	95
103	119
103	175
103	218
103	254
103	290
103	399
104	8
104	237
104	336
104	377
104	385
104	409
104	445
104	454
104	459
104	472
105	142
105	184
105	251
105	291
105	309
105	331
105	357
105	358
105	370
105	417
106	5
106	162
106	287
106	293
106	367
106	375
106	389
106	464
106	467
106	476
107	24
107	159
107	241
107	291
107	309
107	313
107	331
107	357
107	358
107	417
108	32
108	40
108	63
108	212
108	275
108	302
108	311
108	326
108	330
108	398
109	136
109	196
109	314
109	344
109	414
109	428
109	457
109	475
109	487
109	489
110	53
110	162
110	292
110	367
110	369
110	375
110	387
110	464
110	467
110	476
111	205
111	278
111	337
111	390
111	393
111	481
111	482
111	485
111	493
111	499
112	249
112	271
112	391
112	450
112	469
112	473
112	480
112	486
112	495
112	497
113	152
113	199
113	226
113	283
113	305
113	353
113	404
113	411
113	430
113	452
114	101
114	200
114	294
114	348
114	354
114	395
114	405
114	461
114	470
114	471
115	129
115	186
115	197
115	289
115	343
115	382
115	400
115	433
115	436
115	462
116	171
116	185
116	256
116	377
116	385
116	409
116	454
116	458
116	459
116	472
117	7
117	170
117	192
117	349
117	366
117	388
117	437
117	439
117	441
117	444
118	312
118	346
118	360
118	384
118	392
118	408
118	432
118	440
118	449
118	455
119	12
119	22
119	95
119	103
119	216
119	218
119	234
119	254
119	376
119	399
120	269
120	288
120	295
120	372
120	414
120	442
120	457
120	475
120	487
120	489
121	125
121	322
121	347
121	356
121	364
121	373
121	383
121	401
121	403
121	412
122	213
122	321
122	338
122	443
122	450
122	469
122	473
122	486
122	495
122	497
123	126
123	140
123	180
123	253
123	263
123	297
123	317
123	341
123	351
123	407
123	413
124	62
124	221
124	286
124	292
124	293
124	365
124	375
124	431
124	464
124	467
124	476
125	121
125	329
125	347
125	356
125	364
125	373
125	380
125	383
125	401
125	403
125	412
126	21
126	67
126	123
126	138
126	157
126	253
126	297
126	351
126	396
126	407
126	413
127	101
127	161
127	261
127	301
127	323
127	333
127	348
127	395
127	461
127	470
127	471
128	170
128	192
128	247
128	306
128	349
128	366
128	374
128	437
128	439
128	441
128	444
129	31
129	115
129	198
129	217
129	233
129	328
129	400
129	433
129	435
129	436
129	462
130	160
130	195
130	206
130	208
130	229
130	258
130	282
130	318
130	386
130	394
130	427
131	13
131	25
131	96
131	150
131	164
131	296
131	305
131	316
131	404
131	411
131	430
132	77
132	238
132	242
132	265
132	346
132	362
132	408
132	432
132	440
132	449
132	455
133	27
133	177
133	247
133	315
133	345
133	349
133	366
133	437
133	439
133	441
133	444
134	201
134	391
134	419
134	443
134	450
134	469
134	473
134	480
134	486
134	495
134	497
135	77
135	102
135	202
135	238
135	265
135	384
135	392
135	432
135	440
135	449
135	455
136	109
136	269
136	295
136	372
136	414
136	421
136	442
136	475
136	477
136	487
136	489
137	165
137	205
137	355
137	393
137	447
137	456
137	481
137	482
137	485
137	493
137	499
138	21
138	73
138	126
138	157
138	253
138	297
138	341
138	351
138	396
138	407
138	413
139	36
139	208
139	236
139	252
139	264
139	273
139	379
139	381
139	386
139	394
139	427
140	21
140	123
140	157
140	176
140	263
140	297
140	341
140	351
140	396
140	407
140	413
141	185
141	285
141	320
141	325
141	336
141	371
141	397
141	445
141	458
141	459
141	472
142	105
142	172
142	184
142	281
142	309
142	313
142	331
142	357
142	358
142	370
142	417
143	193
143	245
143	322
143	329
143	347
143	378
143	380
143	383
143	401
143	403
143	412
144	24
144	172
144	215
144	251
144	291
144	313
144	331
144	357
144	358
144	370
144	417
145	32
145	40
145	91
145	167
145	212
145	250
145	259
145	275
145	302
145	311
145	398
146	314
146	414
146	418
146	421
146	428
146	442
146	457
146	475
146	477
146	487
146	489
147	99
147	223
147	419
147	450
147	463
147	469
147	473
147	480
147	486
147	495
147	497
148	355
148	368
148	393
148	447
148	448
148	456
148	481
148	482
148	485
148	493
148	499
149	196
149	314
149	344
149	372
149	418
149	421
149	457
149	475
149	477
149	487
149	489
150	94
150	131
150	164
150	199
150	209
150	219
150	267
150	283
150	296
150	316
150	411
151	83
151	200
151	261
151	294
151	323
151	348
151	350
151	405
151	461
151	470
151	471
152	25
152	78
152	94
152	113
152	209
152	267
152	296
152	305
152	353
152	404
152	411
153	159
153	172
153	215
153	281
153	291
153	313
153	331
153	357
153	358
153	370
153	417
154	39
154	85
154	240
154	422
154	423
154	424
154	426
154	460
154	479
154	498
154	500
155	98
155	191
155	225
155	423
155	424
155	446
155	460
155	465
155	488
155	498
155	500
156	25
156	94
156	209
156	226
156	267
156	283
156	305
156	316
156	353
156	404
156	430
157	29
157	126
157	138
157	140
157	180
157	263
157	297
157	341
157	351
157	407
157	413
158	410
158	429
158	438
158	474
158	478
158	483
158	490
158	491
158	492
158	494
158	496
159	107
159	153
159	215
159	241
159	281
159	291
159	309
159	331
159	357
159	370
159	417
160	130
160	195
160	229
160	236
160	264
160	318
160	334
160	381
160	386
160	394
160	427
161	6
161	127
161	200
161	301
161	333
161	348
161	350
161	405
161	461
161	470
161	471
162	106
162	110
162	365
162	367
162	375
162	387
162	389
162	431
162	464
162	467
162	476
163	84
163	285
163	298
163	336
163	377
163	409
163	445
163	454
163	458
163	459
163	472
164	131
164	150
164	199
164	226
164	267
164	296
164	316
164	353
164	404
164	411
164	430
165	137
165	253
165	280
165	368
165	390
165	448
165	481
165	482
165	485
165	493
165	499
166	173
166	217
166	222
166	328
166	343
166	382
166	400
166	433
166	435
166	436
166	462
167	37
167	91
167	145
167	212
167	250
167	275
167	277
167	307
167	311
167	326
167	330
168	195
168	229
168	252
168	264
168	282
168	334
168	359
168	379
168	386
168	394
168	427
169	35
169	191
169	260
169	339
169	361
169	402
169	422
169	426
169	465
169	468
169	500
170	117
170	128
170	306
170	345
170	366
170	374
170	388
170	437
170	439
170	441
170	444
171	47
171	79
171	84
171	116
171	256
171	336
171	397
171	445
171	454
171	458
171	472
172	142
172	144
172	153
172	215
172	241
172	309
172	313
172	357
172	358
172	370
172	417
173	9
173	166
173	197
173	198
173	289
173	328
173	343
173	382
173	433
173	435
173	462
174	22
174	45
174	80
174	88
174	218
174	227
174	232
174	234
174	254
174	376
174	399
175	22
175	45
175	95
175	103
175	216
175	218
175	232
175	254
175	290
175	376
175	399
176	67
176	73
176	140
176	253
176	263
176	317
176	341
176	351
176	396
176	407
176	413
177	74
177	133
177	220
177	315
177	345
177	349
177	388
177	437
177	439
177	441
177	444
178	55
178	61
178	200
178	294
178	323
178	350
178	354
178	405
178	461
178	470
178	471
179	11
179	24
179	187
179	224
179	230
179	262
179	300
179	363
179	415
179	434
179	453
180	29
180	46
180	123
180	157
180	263
180	297
180	317
180	351
180	396
180	407
180	413
181	30
181	64
181	288
181	344
181	372
181	428
181	442
181	457
181	475
181	477
181	487
181	489
182	13
182	94
182	96
182	199
182	203
182	226
182	296
182	305
182	353
182	404
182	411
182	430
183	269
183	288
183	372
183	414
183	418
183	428
183	442
183	457
183	475
183	477
183	487
183	489
184	105
184	142
184	241
184	251
184	281
184	291
184	309
184	313
184	331
184	357
184	370
184	417
185	79
185	116
185	141
185	298
185	385
185	397
185	409
185	445
185	454
185	458
185	459
185	472
186	57
186	115
186	198
186	217
186	289
186	328
186	343
186	400
186	433
186	435
186	436
186	462
187	56
187	179
187	190
187	224
187	276
187	327
187	355
187	363
187	406
187	415
187	434
187	453
188	272
188	286
188	287
188	293
188	342
188	365
188	369
188	389
188	431
188	464
188	467
188	476
189	238
189	257
189	265
189	346
189	362
189	384
189	392
189	408
189	432
189	440
189	449
189	455
190	187
190	230
190	244
190	276
190	284
190	300
190	327
190	340
190	406
190	415
190	434
190	453
191	48
191	100
191	155
191	169
191	225
191	402
191	420
191	424
191	446
191	479
191	484
191	500
192	117
192	128
192	220
192	268
192	349
192	374
192	388
192	421
192	437
192	439
192	441
192	444
193	143
193	245
193	322
193	329
193	356
193	364
193	373
193	378
193	380
193	383
193	401
193	403
194	49
194	100
194	235
194	339
194	423
194	424
194	426
194	465
194	479
194	484
194	498
194	500
195	130
195	160
195	168
195	206
195	236
195	264
195	310
195	318
195	334
195	359
195	381
195	427
196	109
196	149
196	269
196	288
196	418
196	421
196	428
196	457
196	475
196	477
196	487
196	489
197	31
197	115
197	173
197	222
197	289
197	328
197	343
197	382
197	400
197	435
197	436
197	462
198	129
198	173
198	186
198	233
198	239
198	328
198	382
198	400
198	433
198	435
198	436
198	462
199	25
199	78
199	113
199	150
199	164
199	182
199	203
199	209
199	219
199	305
199	411
199	430
200	2
200	61
200	114
200	151
200	161
200	178
200	248
200	294
200	350
200	395
200	470
200	471
201	134
201	274
201	321
201	419
201	443
201	450
201	463
201	469
201	473
201	480
201	495
201	497
202	102
202	135
202	266
202	312
202	360
202	362
202	384
202	392
202	408
202	440
202	449
202	455
203	96
203	182
203	199
203	209
203	219
203	226
203	283
203	296
203	305
203	404
203	411
203	430
204	278
204	280
204	355
204	368
204	393
204	447
204	456
204	481
204	482
204	485
204	493
204	499
205	111
205	137
205	280
205	368
205	390
205	447
205	448
205	456
205	481
205	482
205	493
205	499
206	65
206	130
206	195
206	236
206	258
206	273
206	310
206	318
206	379
206	381
206	386
206	427
207	15
207	28
207	329
207	356
207	364
207	373
207	378
207	380
207	383
207	401
207	403
207	412
208	130
208	139
208	229
208	264
208	273
208	282
208	299
208	310
208	318
208	334
208	359
208	381
209	96
209	150
209	152
209	156
209	199
209	203
209	226
209	267
209	316
209	353
209	404
209	430
210	85
210	225
210	324
210	332
210	339
210	352
210	402
210	423
210	468
210	479
210	484
210	498
211	322
211	329
211	347
211	356
211	364
211	373
211	378
211	380
211	383
211	401
211	403
211	412
212	40
212	71
212	108
212	145
212	167
212	250
212	259
212	302
212	307
212	326
212	330
212	398
213	19
213	122
213	391
213	419
213	443
213	450
213	469
213	473
213	480
213	486
213	495
213	497
214	410
214	429
214	438
214	466
214	474
214	478
214	483
214	490
214	491
214	492
214	494
214	496
215	144
215	153
215	159
215	172
215	251
215	281
215	291
215	309
215	331
215	358
215	370
215	417
216	12
216	45
216	95
216	119
216	175
216	218
216	227
216	234
216	254
216	290
216	376
216	399
217	42
217	75
217	129
217	166
217	186
217	289
217	328
217	382
217	433
217	435
217	436
217	462
218	18
218	80
218	82
218	103
218	119
218	174
218	175
218	216
218	227
218	234
218	290
218	376
219	94
219	96
219	150
219	199
219	203
219	226
219	267
219	283
219	316
219	404
219	411
219	430
220	177
220	192
220	268
220	315
220	349
220	366
220	374
220	388
220	437
220	439
220	441
220	444
221	58
221	86
221	124
221	286
221	287
221	293
221	367
221	375
221	431
221	464
221	467
221	476
222	31
222	42
222	57
222	166
222	197
222	239
222	382
222	400
222	433
222	435
222	436
222	462
223	147
223	274
223	321
223	391
223	419
223	443
223	450
223	463
223	473
223	480
223	486
223	495
223	497
224	179
224	187
224	230
224	246
224	262
224	276
224	284
224	327
224	340
224	406
224	415
224	434
224	453
225	20
225	100
225	155
225	191
225	210
225	332
225	339
225	420
225	426
225	460
225	479
225	484
225	500
226	13
226	78
226	113
226	156
226	164
226	182
226	203
226	209
226	219
226	283
226	353
226	411
226	430
227	12
227	18
227	80
227	82
227	95
227	174
227	216
227	218
227	232
227	254
227	290
227	376
227	399
228	270
228	425
228	438
228	451
228	452
228	474
228	478
228	483
228	490
228	491
228	492
228	494
228	496
229	36
229	130
229	160
229	168
229	208
229	258
229	282
229	299
229	310
229	359
229	381
229	394
229	427
230	56
230	97
230	179
230	190
230	224
230	231
230	244
230	246
230	300
230	406
230	415
230	434
230	453
231	11
231	38
231	230
231	244
231	262
231	276
231	284
231	327
231	363
231	406
231	415
231	434
231	453
232	12
232	45
232	80
232	82
232	88
232	95
232	174
232	175
232	227
232	234
232	290
232	376
232	399
233	26
233	31
233	57
233	129
233	198
233	239
233	289
233	328
233	343
233	400
233	435
233	436
233	462
234	18
234	80
234	82
234	88
234	119
234	174
234	216
234	218
234	232
234	254
234	290
234	376
234	399
235	20
235	98
235	194
235	332
235	402
235	426
235	446
235	465
235	468
235	479
235	484
235	488
235	498
236	139
236	160
236	195
236	206
236	258
236	282
236	299
236	334
236	359
236	379
236	381
236	394
236	427
237	104
237	256
237	285
237	303
237	371
237	377
237	385
237	397
237	409
237	454
237	458
237	459
237	472
238	77
238	102
238	132
238	135
238	189
238	346
238	384
238	392
238	408
238	432
238	440
238	449
238	455
239	31
239	75
239	198
239	222
239	233
239	289
239	328
239	343
239	400
239	433
239	435
239	436
239	462
240	154
240	255
240	339
240	352
240	420
240	422
240	424
240	460
240	465
240	468
240	484
240	488
240	500
241	107
241	159
241	172
241	184
241	251
241	291
241	309
241	313
241	331
241	357
241	358
241	370
241	417
242	5
242	77
242	132
242	257
242	265
242	312
242	346
242	360
242	384
242	432
242	440
242	449
242	455
243	410
243	438
243	451
243	452
243	466
243	474
243	478
243	483
243	490
243	491
243	492
243	494
243	496
244	1
244	11
244	190
244	230
244	231
244	246
244	262
244	300
244	340
244	363
244	434
244	453
244	471
245	143
245	193
245	322
245	347
245	356
245	364
245	373
245	378
245	380
245	383
245	401
245	403
245	412
246	1
246	38
246	224
246	230
246	244
246	284
246	300
246	327
246	340
246	406
246	415
246	434
246	453
247	7
247	27
247	128
247	133
247	268
247	345
247	366
247	374
247	388
247	437
247	439
247	441
247	444
248	2
248	70
248	95
248	101
248	200
248	261
248	333
248	350
248	354
248	405
248	461
248	470
248	471
249	93
249	112
249	338
249	419
249	443
249	450
249	463
249	469
249	473
249	480
249	486
249	495
249	497
250	37
250	71
250	145
250	167
250	212
250	259
250	275
250	277
250	302
250	307
250	311
250	326
250	398
251	88
251	105
251	144
251	184
251	215
251	241
251	281
251	291
251	313
251	357
251	358
251	370
251	417
252	65
252	139
252	168
252	264
252	282
252	318
252	334
252	359
252	379
252	381
252	386
252	394
252	427
253	54
253	67
253	123
253	126
253	138
253	165
253	176
253	317
253	341
253	351
253	396
253	407
253	413
254	12
254	45
254	80
254	103
254	119
254	174
254	175
254	216
254	227
254	234
254	262
254	290
254	399
255	41
255	98
255	240
255	332
255	402
255	420
255	422
255	460
255	468
255	479
255	488
255	498
255	500
256	79
256	116
256	171
256	237
256	303
256	320
256	371
256	377
256	385
256	445
256	454
256	458
256	459
256	472
257	50
257	189
257	242
257	266
257	312
257	346
257	360
257	362
257	384
257	408
257	432
257	440
257	449
257	455
258	65
258	130
258	206
258	229
258	236
258	264
258	273
258	299
258	318
258	359
258	379
258	394
258	427
258	448
259	4
259	32
259	63
259	91
259	145
259	212
259	250
259	275
259	277
259	307
259	311
259	326
259	330
259	398
260	81
260	169
260	324
260	332
260	352
260	402
260	420
260	424
260	426
260	446
260	465
260	484
260	488
260	498
261	2
261	6
261	55
261	127
261	151
261	248
261	301
261	323
261	348
261	395
261	405
261	461
261	470
261	471
262	97
262	179
262	224
262	231
262	244
262	254
262	284
262	327
262	340
262	363
262	406
262	415
262	434
262	453
263	21
263	29
263	54
263	73
263	123
263	140
263	157
263	176
263	180
263	317
263	351
263	396
263	407
263	413
264	36
264	139
264	160
264	168
264	195
264	208
264	252
264	258
264	318
264	359
264	379
264	381
264	386
264	394
265	132
265	135
265	189
265	242
265	266
265	312
265	384
265	392
265	408
265	429
265	432
265	440
265	449
265	455
266	50
266	202
266	257
266	265
266	312
266	360
266	362
266	384
266	392
266	408
266	432
266	440
266	449
266	455
267	13
267	94
267	96
267	150
267	152
267	156
267	164
267	209
267	219
267	283
267	296
267	305
267	411
267	430
268	27
268	192
268	220
268	247
268	306
268	315
268	345
268	366
268	374
268	388
268	437
268	439
268	441
268	444
269	120
269	136
269	183
269	196
269	314
269	344
269	414
269	421
269	428
269	442
269	457
269	475
269	477
269	489
270	228
270	416
270	425
270	429
270	451
270	466
270	474
270	478
270	483
270	490
270	491
270	492
270	494
270	496
271	92
271	112
271	321
271	338
271	391
271	419
271	443
271	463
271	469
271	473
271	480
271	486
271	495
271	497
272	43
272	188
272	286
272	292
272	293
272	300
272	365
272	367
272	387
272	431
272	456
272	464
272	467
272	476
273	139
273	206
273	208
273	258
273	282
273	299
273	310
273	318
273	334
273	379
273	381
273	386
273	394
273	427
274	51
274	99
274	201
274	223
274	391
274	419
274	443
274	450
274	463
274	469
274	480
274	486
274	495
274	497
275	71
275	91
275	108
275	145
275	167
275	250
275	259
275	277
275	302
275	307
275	326
275	330
275	398
275	483
276	56
276	97
276	187
276	190
276	224
276	231
276	284
276	300
276	340
276	363
276	406
276	415
276	434
276	453
277	4
277	37
277	63
277	71
277	91
277	167
277	250
277	259
277	275
277	302
277	307
277	311
277	326
277	398
278	44
278	87
278	111
278	204
278	280
278	393
278	447
278	448
278	456
278	481
278	482
278	485
278	493
278	499
279	41
279	81
279	339
279	402
279	420
279	422
279	426
279	460
279	465
279	479
279	484
279	488
279	498
279	500
280	76
280	165
280	204
280	205
280	278
280	337
280	368
280	393
280	447
280	481
280	482
280	485
280	493
280	499
281	24
281	142
281	153
281	159
281	184
281	215
281	251
281	309
281	313
281	331
281	357
281	358
281	370
281	417
282	36
282	130
282	168
282	208
282	229
282	236
282	252
282	273
282	299
282	310
282	359
282	379
282	386
282	394
282	427
283	13
283	25
283	94
283	113
283	150
283	156
283	203
283	219
283	226
283	267
283	296
283	316
283	353
283	404
283	430
284	38
284	56
284	190
284	224
284	231
284	246
284	262
284	276
284	327
284	340
284	363
284	406
284	415
284	434
284	453
285	141
285	163
285	237
285	298
285	303
285	325
285	371
285	385
285	397
285	409
285	445
285	454
285	458
285	459
285	472
286	43
286	124
286	188
286	221
286	272
286	287
286	342
286	367
286	369
286	387
286	389
286	431
286	464
286	467
286	476
287	106
287	188
287	221
287	286
287	292
287	293
287	342
287	365
287	367
287	387
287	389
287	431
287	464
287	467
287	476
288	120
288	181
288	183
288	196
288	372
288	414
288	418
288	421
288	428
288	442
288	457
288	475
288	477
288	487
288	489
289	9
289	26
289	42
289	115
289	173
289	186
289	197
289	217
289	233
289	239
289	328
289	400
289	433
289	435
289	462
290	18
290	45
290	80
290	82
290	88
290	103
290	175
290	216
290	218
290	227
290	232
290	234
290	254
290	376
290	399
291	105
291	107
291	144
291	153
291	159
291	184
291	215
291	241
291	251
291	309
291	313
291	331
291	357
291	370
291	417
292	86
292	110
292	124
292	272
292	287
292	342
292	365
292	369
292	375
292	387
292	389
292	431
292	464
292	467
292	476
293	86
293	106
293	124
293	188
293	221
293	272
293	287
293	342
293	365
293	367
293	375
293	387
293	389
293	467
293	476
294	2
294	101
294	114
294	151
294	178
294	200
294	301
294	323
294	333
294	350
294	354
294	395
294	461
294	470
294	471
295	17
295	72
295	120
295	136
295	314
295	344
295	372
295	414
295	418
295	428
295	457
295	475
295	477
295	487
295	489
296	78
296	131
296	150
296	152
296	164
296	182
296	203
296	267
296	283
296	305
296	316
296	353
296	404
296	411
296	430
297	21
297	29
297	46
297	54
297	67
297	123
297	126
297	138
297	140
297	157
297	180
297	317
297	396
297	407
297	413
298	163
298	185
298	285
298	303
298	320
298	325
298	371
298	377
298	397
298	409
298	445
298	454
298	458
298	459
298	472
299	36
299	208
299	229
299	236
299	258
299	273
299	282
299	310
299	318
299	334
299	359
299	379
299	381
299	386
299	427
300	1
300	97
300	179
300	190
300	230
300	244
300	246
300	272
300	276
300	327
300	363
300	406
300	415
300	434
300	453
301	70
301	83
301	127
301	161
301	261
301	294
301	323
301	333
301	348
301	350
301	395
301	405
301	461
301	470
301	471
302	37
302	40
302	71
302	91
302	108
302	145
302	212
302	250
302	275
302	277
302	307
302	311
302	326
302	330
302	398
303	237
303	256
303	285
303	298
303	320
303	325
303	336
303	368
303	385
303	397
303	445
303	454
303	458
303	459
303	472
304	410
304	416
304	425
304	429
304	438
304	452
304	466
304	474
304	478
304	483
304	490
304	491
304	492
304	494
304	496
305	78
305	113
305	131
305	152
305	156
305	182
305	199
305	203
305	267
305	296
305	353
305	404
305	411
305	430
305	455
306	74
306	128
306	170
306	268
306	315
306	345
306	349
306	366
306	374
306	388
306	423
306	437
306	439
306	441
306	444
307	4
307	32
307	37
307	40
307	71
307	167
307	212
307	250
307	259
307	275
307	277
307	302
307	326
307	330
307	398
308	335
308	410
308	416
308	425
308	451
308	452
308	466
308	474
308	478
308	483
308	490
308	491
308	492
308	494
308	496
309	24
309	105
309	107
309	142
309	159
309	172
309	184
309	215
309	241
309	281
309	291
309	313
309	358
309	370
309	417
310	65
310	195
310	206
310	208
310	229
310	273
310	282
310	299
310	334
310	359
310	379
310	381
310	386
310	427
310	499
311	4
311	32
311	37
311	40
311	63
311	71
311	91
311	108
311	145
311	167
311	250
311	259
311	277
311	302
311	398
312	118
312	202
312	242
312	257
312	265
312	266
312	346
312	360
312	384
312	392
312	408
312	432
312	440
312	449
312	455
313	107
313	142
313	144
313	153
313	172
313	184
313	241
313	251
313	281
313	291
313	309
313	331
313	358
313	370
313	417
314	17
314	109
314	146
314	149
314	269
314	295
314	372
314	404
314	418
314	421
314	428
314	457
314	477
314	487
314	489
315	7
315	74
315	133
315	177
315	220
315	268
315	306
315	345
315	349
315	366
315	388
315	437
315	439
315	441
315	444
316	25
316	78
316	96
316	131
316	150
316	156
316	164
316	209
316	219
316	283
316	296
316	353
316	404
316	411
316	430
317	29
317	54
317	67
317	73
317	123
317	176
317	180
317	253
317	263
317	297
317	341
317	351
317	396
317	407
317	413
318	36
318	130
318	160
318	195
318	206
318	208
318	252
318	258
318	264
318	273
318	299
318	386
318	394
318	427
318	477
319	410
319	416
319	425
319	429
319	438
319	451
319	452
319	466
319	474
319	478
319	490
319	491
319	492
319	494
319	496
320	8
320	47
320	79
320	141
320	256
320	298
320	303
320	325
320	336
320	371
320	377
320	397
320	445
320	458
320	459
320	472
321	68
321	93
321	122
321	201
321	223
321	271
321	338
321	391
321	450
321	463
321	469
321	473
321	480
321	486
321	495
321	497
322	121
322	143
322	193
322	211
322	245
322	329
322	347
322	356
322	364
322	373
322	378
322	380
322	383
322	401
322	403
322	412
323	6
323	101
323	127
323	151
323	178
323	261
323	294
323	301
323	348
323	350
323	354
323	395
323	405
323	461
323	470
323	471
324	20
324	81
324	210
324	260
324	339
324	352
324	420
324	423
324	426
324	446
324	460
324	465
324	468
324	479
324	484
324	500
325	141
325	285
325	298
325	303
325	320
325	336
325	371
325	377
325	385
325	397
325	409
325	445
325	454
325	458
325	459
325	472
326	4
326	32
326	37
326	40
326	91
326	108
326	167
326	212
326	250
326	259
326	275
326	277
326	302
326	307
326	330
326	398
327	1
327	38
327	97
327	187
327	190
327	224
327	231
327	246
327	262
327	284
327	300
327	340
327	363
327	406
327	434
327	453
328	9
328	75
328	129
328	166
328	173
328	186
328	197
328	198
328	217
328	233
328	239
328	289
328	382
328	433
328	435
328	462
329	28
329	66
329	125
329	143
329	193
329	207
329	211
329	322
329	356
329	364
329	373
329	378
329	380
329	401
329	403
329	412
330	4
330	32
330	40
330	63
330	71
330	91
330	108
330	167
330	212
330	259
330	275
330	302
330	307
330	326
330	348
330	398
331	24
331	105
331	107
331	142
331	144
331	153
331	159
331	184
331	215
331	241
331	281
331	291
331	313
331	357
331	358
331	417
332	85
332	98
332	210
332	225
332	235
332	255
332	260
332	352
332	402
332	420
332	465
332	468
332	479
332	484
332	498
332	500
333	2
333	6
333	61
333	83
333	127
333	161
333	248
333	294
333	301
333	348
333	354
333	395
333	405
333	461
333	470
333	471
334	36
334	65
334	160
334	168
334	195
334	208
334	236
334	252
334	273
334	299
334	310
334	359
334	379
334	381
334	386
334	394
335	308
335	410
335	416
335	429
335	438
335	451
335	452
335	466
335	474
335	478
335	483
335	490
335	491
335	492
335	494
335	496
336	47
336	79
336	104
336	141
336	163
336	171
336	303
336	320
336	325
336	371
336	377
336	409
336	454
336	458
336	459
336	472
337	44
337	60
337	87
337	90
337	111
337	280
337	368
337	390
337	393
337	447
337	448
337	481
337	482
337	485
337	493
337	499
338	99
338	122
338	249
338	271
338	321
338	391
338	419
338	443
338	450
338	463
338	469
338	473
338	480
338	486
338	495
338	497
339	35
339	39
339	41
339	49
339	169
339	194
339	210
339	225
339	240
339	279
339	324
339	420
339	424
339	446
339	484
339	498
340	1
340	38
340	97
340	190
340	224
340	244
340	246
340	262
340	276
340	284
340	327
340	363
340	406
340	415
340	453
340	466
341	21
341	46
341	54
341	73
341	123
341	138
341	140
341	157
341	176
341	253
341	317
341	351
341	396
341	407
341	413
341	417
342	53
342	62
342	188
342	286
342	287
342	292
342	293
342	365
342	367
342	369
342	375
342	389
342	431
342	464
342	467
342	476
343	26
343	42
343	115
343	166
343	173
343	186
343	197
343	233
343	239
343	382
343	400
343	433
343	435
343	436
343	462
343	497
344	59
344	109
344	149
344	181
344	269
344	295
344	414
344	418
344	421
344	428
344	442
344	457
344	475
344	477
344	487
344	489
345	27
345	133
345	170
345	177
345	247
345	268
345	306
345	315
345	349
345	366
345	374
345	388
345	437
345	439
345	441
345	444
346	50
346	118
346	132
346	189
346	238
346	242
346	257
346	312
346	360
346	362
346	384
346	392
346	408
346	432
346	440
346	449
346	455
347	15
347	28
347	121
347	125
347	143
347	211
347	245
347	322
347	356
347	364
347	373
347	378
347	380
347	383
347	401
347	403
347	412
348	70
348	114
348	127
348	151
348	161
348	261
348	301
348	323
348	330
348	333
348	350
348	354
348	395
348	405
348	461
348	470
348	471
349	74
349	117
349	128
349	133
349	177
349	192
349	220
349	306
349	315
349	345
349	366
349	374
349	388
349	437
349	439
349	441
349	444
350	83
350	101
350	151
350	161
350	178
350	200
350	248
350	294
350	301
350	323
350	348
350	354
350	395
350	405
350	461
350	470
350	471
351	29
351	54
351	67
351	123
351	126
351	138
351	140
351	157
351	176
351	180
351	253
351	263
351	317
351	341
351	396
351	407
351	413
352	49
352	210
352	240
352	260
352	324
352	332
352	420
352	423
352	424
352	426
352	446
352	465
352	468
352	479
352	484
352	488
352	498
353	13
353	25
353	78
353	94
353	113
353	152
353	156
353	164
353	182
353	209
353	226
353	283
353	296
353	305
353	316
353	404
353	430
354	6
354	55
354	70
354	83
354	114
354	178
354	248
354	294
354	323
354	333
354	348
354	350
354	395
354	405
354	461
354	470
354	471
355	60
355	69
355	76
355	90
355	137
355	148
355	187
355	204
355	393
355	447
355	448
355	456
355	481
355	482
355	485
355	493
355	499
356	15
356	121
356	125
356	193
356	207
356	211
356	245
356	322
356	329
356	347
356	364
356	373
356	378
356	380
356	401
356	403
356	412
357	24
357	105
357	107
357	142
357	144
357	153
357	159
357	172
357	184
357	241
357	251
357	281
357	291
357	331
357	358
357	370
357	417
358	24
358	105
358	107
358	142
358	144
358	153
358	172
358	215
358	241
358	251
358	281
358	309
358	313
358	331
358	357
358	370
358	417
359	65
359	168
359	195
359	208
359	229
359	236
359	252
359	258
359	264
359	282
359	299
359	310
359	334
359	379
359	381
359	386
359	427
360	50
360	77
360	118
360	202
360	242
360	257
360	266
360	312
360	346
360	362
360	384
360	392
360	408
360	432
360	440
360	449
360	455
361	35
361	39
361	49
361	81
361	85
361	100
361	169
361	402
361	420
361	422
361	424
361	460
361	465
361	468
361	479
361	484
361	500
362	77
362	102
362	132
362	189
362	202
362	257
362	266
362	346
362	360
362	384
362	392
362	408
362	432
362	436
362	440
362	449
362	455
363	11
363	97
363	179
363	187
363	231
363	244
363	262
363	276
363	284
363	300
363	327
363	340
363	406
363	415
363	434
363	453
363	460
364	66
364	121
364	125
364	193
364	207
364	211
364	245
364	322
364	329
364	347
364	356
364	373
364	378
364	380
364	383
364	403
364	412
365	62
365	124
365	162
365	188
365	272
365	287
365	292
365	293
365	342
365	369
365	375
365	387
365	389
365	431
365	464
365	467
365	476
366	27
366	117
366	128
366	133
366	170
366	220
366	247
366	268
366	306
366	315
366	345
366	349
366	374
366	388
366	437
366	439
366	441
366	444
367	58
367	106
367	110
367	162
367	221
367	272
367	286
367	287
367	293
367	342
367	369
367	375
367	389
367	431
367	464
367	467
367	476
367	488
368	44
368	148
368	165
368	204
368	205
368	280
368	303
368	337
368	390
368	393
368	447
368	448
368	456
368	481
368	482
368	485
368	493
368	499
369	53
369	58
369	62
369	86
369	110
369	188
369	286
369	292
369	342
369	365
369	367
369	375
369	387
369	389
369	431
369	464
369	467
369	476
370	24
370	105
370	142
370	144
370	153
370	159
370	172
370	184
370	215
370	241
370	251
370	281
370	291
370	309
370	313
370	357
370	358
370	417
371	8
371	84
371	141
371	237
371	256
371	285
371	298
371	320
371	325
371	336
371	385
371	397
371	409
371	445
371	454
371	458
371	459
371	472
372	59
372	120
372	136
372	149
372	181
372	183
372	288
372	295
372	314
372	418
372	421
372	428
372	442
372	457
372	475
372	477
372	487
372	489
373	121
373	125
373	193
373	207
373	211
373	245
373	322
373	329
373	347
373	356
373	364
373	378
373	380
373	383
373	394
373	401
373	403
373	412
374	7
374	8
374	74
374	128
374	170
374	192
374	220
374	247
374	268
374	306
374	345
374	349
374	366
374	388
374	437
374	439
374	441
374	444
375	43
375	106
375	110
375	124
375	162
375	221
375	292
375	293
375	342
375	365
375	367
375	369
375	387
375	389
375	431
375	464
375	467
375	476
376	12
376	18
376	22
376	45
376	80
376	82
376	95
376	119
376	174
376	175
376	216
376	218
376	227
376	232
376	234
376	290
376	399
376	496
377	84
377	104
377	116
377	163
377	237
377	256
377	298
377	320
377	325
377	336
377	385
377	397
377	409
377	445
377	454
377	458
377	459
377	472
378	15
378	66
378	143
378	193
378	207
378	211
378	245
378	322
378	329
378	347
378	356
378	364
378	373
378	380
378	383
378	401
378	403
378	412
379	36
379	139
379	168
379	206
379	236
379	252
379	258
379	264
379	273
379	282
379	299
379	310
379	334
379	359
379	381
379	386
379	394
379	427
380	28
380	66
380	125
380	143
380	193
380	207
380	211
380	245
380	322
380	329
380	347
380	356
380	364
380	373
380	378
380	383
380	401
380	403
381	65
381	139
381	160
381	195
381	206
381	208
381	229
381	236
381	252
381	264
381	273
381	299
381	310
381	334
381	359
381	379
381	386
381	394
381	427
382	9
382	26
382	42
382	57
382	75
382	115
382	166
382	173
382	197
382	198
382	217
382	222
382	328
382	343
382	400
382	433
382	435
382	436
382	462
383	15
383	28
383	66
383	121
383	125
383	143
383	193
383	207
383	211
383	245
383	322
383	347
383	364
383	373
383	378
383	380
383	401
383	403
383	412
384	118
384	135
384	189
384	202
384	238
384	242
384	257
384	265
384	266
384	312
384	346
384	360
384	362
384	392
384	408
384	432
384	440
384	449
384	455
385	47
385	79
385	104
385	116
385	185
385	237
385	256
385	285
385	303
385	325
385	371
385	377
385	397
385	409
385	445
385	454
385	458
385	459
385	472
386	65
386	130
386	139
386	160
386	168
386	206
386	252
386	264
386	273
386	282
386	299
386	310
386	318
386	334
386	359
386	379
386	381
386	394
386	427
387	43
387	53
387	58
387	86
387	110
387	162
387	272
387	286
387	287
387	292
387	293
387	365
387	369
387	375
387	389
387	431
387	464
387	467
387	476
388	7
388	74
388	117
388	170
388	177
388	192
388	220
388	247
388	268
388	306
388	315
388	345
388	349
388	366
388	374
388	437
388	439
388	441
388	444
389	53
389	58
389	106
389	162
389	188
389	286
389	287
389	292
389	293
389	342
389	365
389	367
389	369
389	375
389	387
389	431
389	464
389	467
389	476
390	33
390	34
390	50
390	69
390	87
390	90
390	111
390	165
390	205
390	337
390	368
390	393
390	447
390	456
390	481
390	482
390	485
390	493
390	499
391	68
391	92
391	112
391	134
391	213
391	223
391	271
391	274
391	321
391	338
391	419
391	450
391	463
391	469
391	473
391	480
391	486
391	495
391	497
392	77
392	102
392	118
392	135
392	189
392	202
392	238
392	265
392	266
392	312
392	346
392	360
392	362
392	384
392	408
392	432
392	440
392	449
392	455
393	76
393	111
393	137
393	148
393	204
393	278
393	280
393	337
393	355
393	368
393	390
393	447
393	448
393	480
393	481
393	482
393	485
393	493
393	499
394	36
394	130
394	139
394	160
394	168
394	229
394	236
394	252
394	258
394	264
394	273
394	282
394	318
394	334
394	373
394	379
394	381
394	386
394	427
395	49
395	61
395	70
395	83
395	114
395	127
395	200
395	261
395	294
395	301
395	323
395	333
395	348
395	350
395	354
395	405
395	461
395	470
395	471
396	21
396	29
396	46
396	54
396	67
396	73
396	126
396	138
396	140
396	176
396	180
396	253
396	263
396	297
396	317
396	341
396	351
396	407
396	413
397	47
397	84
397	141
397	171
397	185
397	237
397	285
397	298
397	303
397	320
397	325
397	371
397	377
397	385
397	445
397	454
397	458
397	459
397	472
398	4
398	32
398	37
398	40
398	63
398	71
398	91
398	108
398	145
398	212
398	250
398	259
398	275
398	277
398	302
398	307
398	311
398	326
398	330
399	12
399	18
399	22
399	45
399	80
399	82
399	88
399	95
399	103
399	119
399	174
399	175
399	216
399	227
399	232
399	234
399	254
399	290
399	376
400	9
400	26
400	75
400	115
400	129
400	166
400	186
400	197
400	198
400	222
400	233
400	239
400	289
400	343
400	382
400	433
400	435
400	436
400	462
401	15
401	28
401	66
401	121
401	125
401	143
401	193
401	207
401	211
401	245
401	322
401	329
401	347
401	356
401	373
401	378
401	380
401	383
401	403
401	412
402	16
402	39
402	169
402	191
402	210
402	235
402	255
402	260
402	279
402	332
402	361
402	426
402	446
402	460
402	465
402	468
402	479
402	488
402	498
402	500
403	28
403	66
403	121
403	125
403	143
403	193
403	207
403	211
403	245
403	322
403	329
403	347
403	356
403	364
403	373
403	378
403	380
403	383
403	401
403	412
404	13
404	25
404	96
404	113
404	131
404	152
404	156
404	164
404	182
404	203
404	209
404	219
404	283
404	296
404	305
404	314
404	316
404	353
404	411
404	430
405	6
405	55
405	70
405	101
405	114
405	151
405	161
405	178
405	248
405	261
405	301
405	323
405	333
405	348
405	350
405	354
405	395
405	461
405	470
405	471
406	1
406	11
406	56
406	97
406	187
406	190
406	224
406	230
406	231
406	246
406	262
406	276
406	284
406	300
406	327
406	340
406	363
406	415
406	434
406	453
407	29
407	46
407	54
407	67
407	73
407	123
407	126
407	138
407	140
407	157
407	176
407	180
407	253
407	263
407	297
407	317
407	341
407	351
407	396
407	413
408	50
408	102
408	118
408	132
408	189
408	202
408	238
408	257
408	265
408	266
408	312
408	346
408	360
408	362
408	384
408	392
408	432
408	440
408	449
408	455
409	8
409	79
409	84
409	104
409	116
409	163
409	185
409	237
409	285
409	298
409	325
409	336
409	371
409	377
409	385
409	445
409	454
409	458
409	459
409	472
410	158
410	214
410	243
410	304
410	308
410	319
410	335
410	416
410	429
410	438
410	452
410	466
410	474
410	478
410	483
410	490
410	491
410	492
410	494
410	496
411	13
411	78
411	94
411	96
411	113
411	131
411	150
411	152
411	164
411	182
411	199
411	203
411	219
411	226
411	267
411	296
411	305
411	316
411	404
411	430
412	15
412	28
412	66
412	121
412	125
412	143
412	207
412	211
412	245
412	322
412	329
412	347
412	356
412	364
412	373
412	378
412	383
412	401
412	403
412	422
413	21
413	29
413	46
413	54
413	73
413	123
413	126
413	138
413	140
413	157
413	176
413	180
413	253
413	263
413	297
413	317
413	341
413	351
413	396
413	407
414	17
414	64
414	72
414	109
414	120
414	136
414	146
414	183
414	269
414	288
414	295
414	344
414	418
414	421
414	442
414	457
414	475
414	477
414	487
414	489
415	1
415	11
415	56
415	179
415	187
415	190
415	224
415	230
415	231
415	246
415	262
415	276
415	284
415	300
415	340
415	363
415	406
415	434
415	453
415	487
416	270
416	304
416	308
416	319
416	335
416	410
416	425
416	429
416	438
416	451
416	452
416	466
416	474
416	478
416	483
416	490
416	491
416	492
416	494
416	496
417	105
417	107
417	142
417	144
417	153
417	159
417	172
417	184
417	215
417	241
417	251
417	281
417	291
417	309
417	313
417	331
417	341
417	357
417	358
417	370
418	17
418	30
418	59
418	146
418	149
418	183
418	196
418	288
418	295
418	314
418	344
418	372
418	414
418	421
418	442
418	457
418	475
418	477
418	487
418	489
419	19
419	51
419	134
419	147
419	201
419	213
419	223
419	249
419	271
419	274
419	338
419	391
419	443
419	463
419	469
419	473
419	480
419	486
419	495
419	497
420	41
420	191
420	225
420	240
420	255
420	260
420	279
420	324
420	332
420	339
420	352
420	361
420	422
420	423
420	424
420	446
420	460
420	465
420	468
420	479
420	498
421	17
421	64
421	136
421	146
421	149
421	192
421	196
421	269
421	288
421	314
421	344
421	372
421	414
421	418
421	428
421	442
421	457
421	475
421	477
421	487
421	489
422	48
422	85
422	98
422	154
422	169
422	240
422	255
422	279
422	361
422	412
422	420
422	423
422	424
422	426
422	446
422	460
422	465
422	468
422	479
422	488
422	498
423	20
423	39
423	41
423	49
423	100
423	154
423	155
423	194
423	210
423	306
423	324
423	352
423	420
423	422
423	426
423	468
423	479
423	484
423	488
423	498
423	500
424	48
424	49
424	85
424	154
424	155
424	191
424	194
424	240
424	260
424	339
424	352
424	361
424	420
424	422
424	446
424	460
424	465
424	479
424	484
424	488
424	500
425	14
425	89
425	228
425	270
425	304
425	308
425	319
425	416
425	429
425	438
425	451
425	452
425	466
425	474
425	478
425	483
425	490
425	491
425	492
425	494
425	496
426	16
426	35
426	100
426	154
426	169
426	194
426	225
426	235
426	260
426	279
426	324
426	352
426	402
426	422
426	423
426	465
426	468
426	479
426	484
426	488
426	500
427	65
427	130
427	139
427	160
427	168
427	195
427	206
427	229
427	236
427	252
427	258
427	273
427	282
427	299
427	310
427	318
427	359
427	379
427	381
427	386
427	394
428	30
428	59
428	72
428	109
428	146
428	181
428	183
428	196
428	269
428	288
428	295
428	314
428	344
428	372
428	421
428	442
428	457
428	475
428	477
428	487
428	489
429	158
429	214
429	265
429	270
429	304
429	319
429	335
429	410
429	416
429	425
429	438
429	451
429	452
429	466
429	474
429	478
429	483
429	490
429	491
429	492
429	494
429	496
430	13
430	25
430	78
430	96
430	113
430	131
430	156
430	164
430	182
430	199
430	203
430	209
430	219
430	226
430	267
430	283
430	296
430	305
430	316
430	353
430	404
430	411
431	43
431	53
431	62
431	86
431	124
431	162
431	188
431	221
431	272
431	286
431	287
431	292
431	342
431	365
431	367
431	369
431	375
431	387
431	389
431	464
431	467
431	476
432	50
432	77
432	102
432	118
432	132
432	135
432	189
432	238
432	242
432	257
432	265
432	266
432	312
432	346
432	360
432	362
432	384
432	392
432	408
432	440
432	449
432	455
433	9
433	26
433	42
433	57
433	75
433	115
433	129
433	166
433	173
433	186
433	198
433	217
433	222
433	239
433	289
433	328
433	343
433	382
433	400
433	435
433	436
433	462
434	1
434	11
434	38
434	56
434	97
434	179
434	187
434	190
434	224
434	230
434	231
434	244
434	246
434	262
434	276
434	284
434	300
434	327
434	363
434	406
434	415
434	453
435	9
435	31
435	42
435	57
435	75
435	129
435	166
435	173
435	186
435	197
435	198
435	217
435	222
435	233
435	239
435	289
435	328
435	343
435	382
435	400
435	433
435	462
436	9
436	26
436	31
436	42
436	57
436	75
436	115
436	129
436	166
436	186
436	197
436	198
436	217
436	222
436	233
436	239
436	343
436	362
436	382
436	400
436	433
436	462
437	7
437	27
437	74
437	117
437	128
437	133
437	170
437	177
437	192
437	220
437	247
437	268
437	306
437	315
437	345
437	349
437	366
437	374
437	388
437	439
437	441
437	444
438	158
438	214
438	228
438	243
438	304
438	319
438	335
438	410
438	416
438	425
438	429
438	451
438	452
438	466
438	474
438	478
438	483
438	490
438	491
438	492
438	494
438	496
439	7
439	27
439	74
439	117
439	128
439	133
439	170
439	177
439	192
439	220
439	247
439	268
439	306
439	315
439	345
439	349
439	366
439	374
439	388
439	437
439	441
439	444
440	102
440	118
440	132
440	135
440	189
440	202
440	238
440	242
440	257
440	265
440	266
440	312
440	346
440	360
440	362
440	384
440	392
440	408
440	432
440	449
440	455
440	469
441	7
441	27
441	74
441	117
441	128
441	133
441	170
441	177
441	192
441	220
441	247
441	268
441	306
441	315
441	345
441	349
441	366
441	374
441	388
441	437
441	439
441	444
442	30
442	59
442	64
442	72
442	120
442	136
442	146
442	181
442	183
442	269
442	288
442	344
442	372
442	414
442	418
442	421
442	428
442	457
442	475
442	477
442	487
442	489
443	51
443	52
443	92
443	93
443	122
443	134
443	201
443	213
443	223
443	249
443	271
443	274
443	338
443	419
443	450
443	463
443	469
443	473
443	480
443	486
443	495
443	497
444	7
444	27
444	74
444	117
444	128
444	133
444	170
444	177
444	192
444	220
444	247
444	268
444	306
444	315
444	345
444	349
444	366
444	374
444	388
444	437
444	439
444	441
445	8
445	47
445	104
445	141
445	163
445	171
445	185
445	256
445	285
445	298
445	303
445	320
445	325
445	371
445	377
445	385
445	397
445	409
445	454
445	458
445	459
445	472
446	16
446	39
446	48
446	98
446	155
446	191
446	235
446	260
446	324
446	339
446	352
446	402
446	420
446	422
446	424
446	460
446	465
446	468
446	479
446	484
446	488
446	498
446	500
447	3
447	34
447	44
447	69
447	87
447	137
447	148
447	204
447	205
447	278
447	280
447	337
447	355
447	368
447	390
447	393
447	448
447	456
447	481
447	482
447	485
447	493
447	499
448	3
448	33
448	34
448	60
448	69
448	76
448	90
448	148
448	165
448	205
448	258
448	278
448	337
448	355
448	368
448	393
448	447
448	456
448	481
448	482
448	485
448	493
448	499
449	50
449	77
449	102
449	118
449	132
449	135
449	189
449	202
449	238
449	242
449	257
449	265
449	266
449	312
449	346
449	360
449	362
449	384
449	392
449	408
449	432
449	440
449	455
450	19
450	51
450	52
450	68
450	112
450	122
450	134
450	147
450	201
450	213
450	223
450	249
450	274
450	321
450	338
450	391
450	443
450	463
450	469
450	473
450	480
450	486
450	495
450	497
451	5
451	14
451	23
451	228
451	243
451	270
451	308
451	319
451	335
451	416
451	425
451	429
451	438
451	452
451	463
451	466
451	474
451	478
451	483
451	490
451	491
451	492
451	494
451	496
452	10
452	89
452	113
452	228
452	243
452	304
452	308
452	319
452	335
452	410
452	416
452	425
452	429
452	438
452	451
452	466
452	474
452	478
452	483
452	490
452	491
452	492
452	494
452	496
453	1
453	11
453	33
453	38
453	56
453	97
453	179
453	187
453	190
453	224
453	230
453	231
453	244
453	246
453	262
453	276
453	284
453	300
453	327
453	340
453	363
453	406
453	415
453	434
454	8
454	79
454	84
454	104
454	116
454	163
454	171
454	185
454	237
454	256
454	285
454	298
454	303
454	325
454	336
454	371
454	377
454	385
454	397
454	409
454	445
454	458
454	459
454	472
455	50
455	77
455	102
455	118
455	132
455	135
455	189
455	202
455	238
455	242
455	257
455	265
455	266
455	305
455	312
455	346
455	360
455	362
455	384
455	392
455	408
455	432
455	440
455	449
456	3
456	33
456	34
456	44
456	60
456	76
456	87
456	90
456	137
456	148
456	204
456	205
456	272
456	278
456	355
456	368
456	390
456	447
456	448
456	481
456	482
456	485
456	493
456	499
457	30
457	64
457	72
457	109
457	120
457	146
457	149
457	181
457	183
457	196
457	269
457	288
457	295
457	314
457	344
457	372
457	414
457	418
457	421
457	428
457	442
457	475
457	477
457	487
457	489
458	47
458	79
458	84
458	116
458	141
458	163
458	171
458	185
458	237
458	256
458	285
458	298
458	303
458	320
458	325
458	336
458	371
458	377
458	385
458	397
458	409
458	445
458	454
458	459
458	472
459	8
459	47
459	84
459	104
459	116
459	141
459	163
459	185
459	237
459	256
459	285
459	298
459	303
459	320
459	325
459	336
459	371
459	377
459	385
459	397
459	409
459	445
459	454
459	458
459	472
460	20
460	41
460	48
460	98
460	154
460	155
460	225
460	240
460	255
460	279
460	324
460	361
460	363
460	402
460	420
460	422
460	424
460	446
460	465
460	468
460	479
460	484
460	488
460	498
460	500
461	2
461	6
461	55
461	61
461	70
461	83
461	101
461	114
461	127
461	151
461	161
461	178
461	248
461	261
461	294
461	301
461	323
461	333
461	348
461	350
461	354
461	395
461	405
461	470
461	471
462	9
462	26
462	31
462	42
462	57
462	75
462	115
462	129
462	166
462	173
462	186
462	197
462	198
462	217
462	222
462	233
462	239
462	289
462	328
462	343
462	382
462	400
462	433
462	435
462	436
463	19
463	52
463	68
463	92
463	93
463	99
463	147
463	201
463	223
463	249
463	271
463	274
463	321
463	338
463	391
463	419
463	443
463	450
463	451
463	469
463	473
463	480
463	486
463	495
463	497
464	43
464	53
464	58
464	62
464	86
464	106
464	110
464	124
464	162
464	188
464	221
464	272
464	286
464	287
464	292
464	342
464	365
464	367
464	369
464	375
464	387
464	389
464	431
464	467
464	476
465	16
465	35
465	81
465	85
465	155
465	169
465	194
465	235
465	240
465	260
465	279
465	324
465	332
465	352
465	361
465	402
465	420
465	422
465	424
465	426
465	446
465	460
465	468
465	479
465	484
465	488
466	10
466	23
466	89
466	214
466	243
466	270
466	304
466	308
466	319
466	335
466	340
466	410
466	416
466	425
466	429
466	438
466	451
466	452
466	474
466	478
466	483
466	490
466	491
466	492
466	494
466	496
467	43
467	53
467	58
467	62
467	86
467	106
467	110
467	124
467	162
467	188
467	221
467	272
467	286
467	287
467	292
467	293
467	342
467	365
467	367
467	369
467	375
467	387
467	389
467	431
467	464
467	476
468	16
468	35
468	39
468	41
468	169
468	210
468	235
468	240
468	255
468	324
468	332
468	352
468	361
468	402
468	420
468	422
468	423
468	426
468	446
468	460
468	465
468	479
468	484
468	488
468	498
468	500
469	19
469	52
469	68
469	99
469	112
469	122
469	134
469	147
469	201
469	213
469	249
469	271
469	274
469	321
469	338
469	391
469	419
469	440
469	443
469	450
469	463
469	473
469	480
469	486
469	495
469	497
470	2
470	6
470	55
470	61
470	70
470	83
470	101
470	114
470	127
470	151
470	161
470	178
470	200
470	248
470	261
470	294
470	301
470	323
470	333
470	348
470	350
470	354
470	395
470	405
470	461
470	471
471	2
471	6
471	55
471	61
471	70
471	83
471	101
471	114
471	127
471	151
471	161
471	178
471	200
471	244
471	248
471	261
471	294
471	301
471	323
471	333
471	348
471	350
471	354
471	395
471	405
471	461
471	470
472	8
472	47
472	79
472	84
472	104
472	116
472	141
472	163
472	171
472	185
472	237
472	256
472	285
472	298
472	303
472	320
472	325
472	336
472	371
472	377
472	385
472	397
472	409
472	445
472	454
472	458
472	459
473	51
473	52
473	68
473	92
473	93
473	99
473	112
473	122
473	134
473	147
473	201
473	213
473	223
473	249
473	271
473	321
473	338
473	391
473	419
473	443
473	450
473	463
473	469
473	480
473	486
473	495
473	497
474	10
474	14
474	23
474	158
474	214
474	228
474	243
474	270
474	304
474	308
474	319
474	335
474	410
474	416
474	425
474	429
474	438
474	451
474	452
474	466
474	478
474	483
474	490
474	491
474	492
474	494
474	496
475	17
475	30
475	59
475	64
475	72
475	109
475	120
475	136
475	146
475	149
475	181
475	183
475	196
475	269
475	288
475	295
475	344
475	372
475	414
475	418
475	421
475	428
475	442
475	457
475	477
475	487
475	489
476	4
476	43
476	53
476	58
476	62
476	86
476	106
476	110
476	124
476	162
476	188
476	221
476	272
476	286
476	287
476	292
476	293
476	342
476	365
476	367
476	369
476	375
476	387
476	389
476	431
476	464
476	467
477	17
477	30
477	59
477	64
477	72
477	136
477	146
477	149
477	181
477	183
477	196
477	269
477	288
477	295
477	314
477	318
477	344
477	372
477	414
477	418
477	421
477	428
477	442
477	457
477	475
477	487
477	489
478	14
478	23
478	89
478	158
478	214
478	228
478	243
478	270
478	304
478	308
478	319
478	335
478	410
478	416
478	425
478	429
478	438
478	451
478	452
478	466
478	474
478	483
478	490
478	491
478	492
478	494
478	496
479	48
479	85
479	100
479	154
479	191
479	194
479	210
479	225
479	235
479	255
479	279
479	324
479	332
479	352
479	361
479	402
479	420
479	422
479	423
479	424
479	426
479	446
479	460
479	465
479	468
479	484
479	488
479	500
480	19
480	51
480	52
480	92
480	93
480	99
480	112
480	134
480	147
480	201
480	213
480	223
480	249
480	271
480	274
480	321
480	338
480	391
480	393
480	419
480	443
480	450
480	463
480	469
480	473
480	486
480	495
480	497
481	3
481	33
481	34
481	44
481	69
481	76
481	87
481	90
481	111
481	137
481	148
481	165
481	204
481	205
481	278
481	280
481	337
481	355
481	368
481	390
481	393
481	447
481	448
481	456
481	482
481	485
481	493
481	499
482	3
482	33
482	34
482	60
482	69
482	76
482	87
482	90
482	111
482	137
482	148
482	165
482	204
482	205
482	278
482	280
482	337
482	355
482	368
482	390
482	393
482	447
482	448
482	456
482	481
482	485
482	493
482	499
483	5
483	10
483	23
483	89
483	158
483	214
483	228
483	243
483	270
483	275
483	304
483	308
483	335
483	410
483	416
483	425
483	429
483	438
483	451
483	452
483	466
483	474
483	478
483	490
483	491
483	492
483	494
483	496
484	16
484	20
484	41
484	81
484	191
484	194
484	210
484	225
484	235
484	240
484	260
484	279
484	324
484	332
484	339
484	352
484	361
484	423
484	424
484	426
484	446
484	460
484	465
484	468
484	479
484	488
484	498
484	500
485	3
485	33
485	34
485	44
485	60
485	69
485	76
485	87
485	90
485	111
485	137
485	148
485	165
485	204
485	278
485	280
485	337
485	355
485	368
485	390
485	393
485	447
485	448
485	456
485	481
485	482
485	493
485	499
486	19
486	51
486	52
486	68
486	92
486	93
486	99
486	112
486	122
486	134
486	147
486	213
486	223
486	249
486	271
486	274
486	321
486	338
486	391
486	419
486	443
486	450
486	463
486	469
486	473
486	480
486	495
486	497
487	17
487	30
487	59
487	64
487	72
487	109
487	120
487	136
487	146
487	149
487	181
487	183
487	196
487	288
487	295
487	314
487	344
487	372
487	414
487	415
487	418
487	421
487	428
487	442
487	457
487	475
487	477
487	489
488	16
488	39
488	48
488	49
488	81
488	85
488	100
488	155
488	235
488	240
488	255
488	260
488	279
488	352
488	367
488	402
488	422
488	423
488	424
488	426
488	446
488	460
488	465
488	468
488	479
488	484
488	498
488	500
489	17
489	30
489	59
489	64
489	72
489	109
489	120
489	136
489	146
489	149
489	181
489	183
489	196
489	269
489	288
489	295
489	314
489	344
489	372
489	414
489	418
489	421
489	428
489	442
489	457
489	475
489	477
489	487
490	5
490	10
490	14
490	23
490	89
490	158
490	214
490	228
490	243
490	270
490	304
490	308
490	319
490	335
490	410
490	416
490	425
490	429
490	438
490	451
490	452
490	466
490	474
490	478
490	483
490	491
490	492
490	494
490	496
491	5
491	10
491	14
491	23
491	89
491	158
491	214
491	228
491	243
491	270
491	304
491	308
491	319
491	335
491	410
491	416
491	425
491	429
491	438
491	451
491	452
491	466
491	474
491	478
491	483
491	490
491	492
491	494
491	496
492	5
492	10
492	14
492	23
492	89
492	158
492	214
492	228
492	243
492	270
492	304
492	308
492	319
492	335
492	410
492	416
492	425
492	429
492	438
492	451
492	452
492	466
492	474
492	478
492	483
492	490
492	491
492	494
492	496
493	3
493	33
493	34
493	44
493	60
493	69
493	76
493	87
493	90
493	111
493	137
493	148
493	165
493	204
493	205
493	278
493	280
493	337
493	355
493	368
493	390
493	393
493	447
493	448
493	456
493	481
493	482
493	485
493	499
494	5
494	10
494	14
494	23
494	89
494	158
494	214
494	228
494	243
494	270
494	304
494	308
494	319
494	335
494	410
494	416
494	425
494	429
494	438
494	451
494	452
494	466
494	474
494	478
494	483
494	490
494	491
494	492
494	496
495	19
495	51
495	52
495	68
495	92
495	93
495	99
495	112
495	122
495	134
495	147
495	201
495	213
495	223
495	249
495	271
495	274
495	321
495	338
495	391
495	419
495	443
495	450
495	463
495	469
495	473
495	480
495	486
495	497
496	5
496	10
496	14
496	89
496	158
496	214
496	228
496	243
496	270
496	304
496	308
496	319
496	335
496	376
496	410
496	416
496	425
496	429
496	438
496	451
496	452
496	466
496	474
496	478
496	483
496	490
496	491
496	492
496	494
497	19
497	51
497	52
497	68
497	92
497	93
497	99
497	112
497	122
497	134
497	147
497	201
497	213
497	223
497	249
497	271
497	274
497	321
497	338
497	343
497	391
497	419
497	443
497	450
497	463
497	469
497	473
497	480
497	486
497	495
498	16
498	20
498	35
498	39
498	41
498	48
498	49
498	81
498	98
498	154
498	155
498	194
498	210
498	235
498	255
498	260
498	279
498	332
498	339
498	352
498	402
498	420
498	422
498	423
498	446
498	460
498	468
498	484
498	488
498	500
499	3
499	33
499	34
499	44
499	60
499	69
499	76
499	87
499	90
499	111
499	137
499	148
499	165
499	204
499	205
499	278
499	280
499	310
499	337
499	355
499	368
499	390
499	393
499	447
499	448
499	456
499	481
499	482
499	485
499	493
500	16
500	35
500	48
500	81
500	85
500	98
500	100
500	154
500	155
500	169
500	191
500	194
500	225
500	240
500	255
500	279
500	324
500	332
500	361
500	402
500	423
500	424
500	426
500	446
500	460
500	468
500	479
500	484
500	488
500	498